-21,20 -21,20 -21,20 -21,20 -21,20 -21,20 -21,25 -21,40 -21,35 -21,20 
-21,25 -21,20 -21,20 -21,30 -21,35 -20,10 -20,60 -21,90 -21,50 -21,40 
-22,25 -22,45 -12,65 -3,50 1,90 6,25 5,55 -2,10 -16,45 -20,05 
-22,90 -0,50 12,65 1,75 -9,45 -12,75 -5,75 4,85 3,30 -12,85 
-10,80 11,10 -14,40 -27,85 -32,15 -33,50 -27,80 -23,90 -8,35 -12,70 
-14,15 7,55 -11,95 -30,15 -35,25 -34,80 -24,85 -8,85 4,60 -11,40 
-20,15 -8,45 13,10 6,05 0,60 1,05 11,85 9,55 -4,90 -22,10 
-21,50 -24,00 -12,40 -4,65 -3,35 -6,20 -7,40 -18,25 -21,50 -21,85 
-21,45 -22,60 -21,25 -21,20 -21,20 -21,75 -21,30 -21,20 -21,45 -21,25 
-21,35 -21,35 -21,20 -21,20 -21,20 -21,25 -21,20 -21,20 -21,20 -21,20 
