-31,40 -31,40 -31,40 -31,40 -31,40 -31,40 -31,45 -31,60 -31,55 -31,40 
-31,45 -31,40 -31,40 -31,50 -31,55 -31,55 -32,05 -33,35 -32,95 -31,60 
-32,45 -33,90 -34,10 -34,95 -27,05 -33,95 -35,90 -38,55 -37,90 -32,75 
-33,10 -41,95 -41,30 -0,95 20,35 -24,20 -34,70 -36,60 -36,90 -31,80 
-33,50 -35,35 10,40 29,45 11,40 1,30 13,25 10,90 7,70 -17,90 
-18,10 11,10 22,85 18,40 2,05 -16,25 -18,80 -25,30 -24,35 -32,85 
-26,60 -23,65 -28,35 -36,65 -37,10 -39,15 -38,35 -36,90 -36,35 -32,30 
-31,70 -34,20 -32,60 -32,35 -32,30 -33,90 -32,60 -32,20 -32,95 -32,05 
-31,65 -32,80 -31,45 -31,40 -31,40 -31,95 -31,50 -31,40 -31,65 -31,45 
-31,55 -31,55 -31,40 -31,40 -31,40 -31,45 -31,40 -31,40 -31,40 -31,40 
