-24,80 -24,80 -24,80 -24,80 -24,80 -24,80 -24,85 -25,00 -24,95 -24,80 
-24,85 -24,80 -24,80 -24,90 -24,95 -24,95 -25,45 -26,75 -25,10 -25,00 
-25,85 -27,30 -26,25 -27,10 -29,20 -28,60 -29,30 -26,95 1,20 -12,40 
-19,00 -5,35 9,05 6,90 -6,80 -33,85 -28,10 -6,25 13,45 -12,70 
-16,90 5,00 -9,25 -23,95 -29,50 -28,35 -1,40 15,00 8,05 -15,05 
-17,75 8,95 -4,30 -15,00 -12,60 -4,65 5,30 -9,95 4,75 -15,00 
-26,25 -15,80 -3,00 1,20 4,50 -7,55 -16,75 -21,55 10,25 -11,95 
-25,10 -27,60 -26,00 -25,75 -24,45 -26,05 -24,75 -19,35 3,65 -9,20 
-25,05 -26,20 -24,85 -24,80 -24,80 -25,35 -24,90 -24,80 -18,80 -23,60 
-24,95 -24,95 -24,80 -24,80 -24,80 -24,85 -24,80 -24,80 -24,80 -24,80 
