-24,80 -24,80 -24,80 -24,80 -24,80 -24,80 -24,85 -25,00 -24,95 -24,80 
-24,85 -24,80 -24,80 -24,90 -24,95 -24,95 -16,70 -15,50 -23,85 -25,00 
-25,85 -27,30 -27,50 -28,35 -29,20 -27,35 -11,80 13,05 -1,30 -24,90 
-22,75 -9,10 -13,45 -28,10 -34,30 -31,35 -25,60 -8,75 8,45 -17,70 
-15,65 10,00 -18,00 -23,95 8,00 -12,10 -32,65 -25,00 -1,95 -18,80 
-17,75 7,70 0,70 -1,25 12,40 -0,90 -28,45 -12,45 4,75 -20,00 
-25,00 -18,30 -5,50 -5,05 -1,75 13,70 15,75 14,70 1,50 -24,45 
-25,10 -26,35 -24,75 -25,75 -24,45 -23,55 -21,00 -21,85 -23,85 -25,45 
-25,05 -26,20 -24,85 -24,80 -24,80 -25,35 -24,90 -24,80 -25,05 -24,85 
-24,95 -24,95 -24,80 -24,80 -24,80 -24,85 -24,80 -24,80 -24,80 -24,80 
