-29,60 -29,60 -29,60 -29,60 -29,60 -29,60 -29,65 -29,80 -29,75 -29,60 
-29,65 -29,60 -29,60 -29,70 -29,75 -29,75 -30,25 -31,55 -31,15 -29,80 
-14,40 -2,10 5,20 6,85 6,00 -14,65 -31,60 -36,75 -36,10 -30,95 
-20,05 1,10 -7,00 -14,15 3,40 15,10 -11,65 -36,05 -41,35 -32,50 
-31,70 -43,55 -36,55 -35,00 -21,80 5,60 3,80 -14,80 -14,25 -24,85 
-32,55 -30,85 -5,35 3,95 11,35 16,80 9,25 0,25 -0,05 -17,30 
-28,55 -13,10 -1,55 -1,10 -11,55 -24,85 -30,30 -31,35 -32,05 -28,00 
-29,90 -28,65 -25,80 -28,05 -30,50 -32,10 -30,80 -30,40 -31,15 -30,25 
-29,85 -31,00 -29,65 -29,60 -29,60 -30,15 -29,70 -29,60 -29,85 -29,65 
-29,75 -29,75 -29,60 -29,60 -29,60 -29,65 -29,60 -29,60 -29,60 -29,60 
