-22,40 -22,40 -22,40 -22,40 -22,40 -22,40 -21,20 -17,60 -18,80 -22,40 
-22,45 -22,40 -22,40 -22,50 -22,55 -22,55 -19,30 6,90 8,55 -17,60 
-23,45 -24,90 -25,10 -25,95 -26,80 -26,20 -25,65 -12,05 11,10 -13,75 
-24,10 -31,70 -31,05 -15,70 6,85 -10,20 -26,95 -22,60 5,85 -16,55 
-23,25 -5,10 15,65 17,20 14,15 -5,95 -25,25 -16,35 4,20 -20,15 
-22,85 3,85 -10,65 -28,85 -15,20 9,00 12,70 8,70 -2,85 -23,85 
-21,35 11,60 -28,10 -31,40 -29,35 -28,90 -25,60 -26,65 -26,10 -23,30 
-17,70 18,55 -19,85 -23,35 -23,30 -24,90 -23,60 -23,20 -23,95 -23,05 
-17,65 6,20 -21,20 -22,40 -22,40 -22,95 -22,50 -22,40 -22,65 -22,45 
-18,80 -18,80 -22,40 -22,40 -22,40 -22,45 -22,40 -22,40 -22,40 -22,40 
