-24,20 -24,20 -24,20 -24,20 -24,20 -24,20 -24,25 -24,40 -24,35 -24,20 
-24,25 -24,20 -24,20 -21,80 -20,60 -21,85 -23,60 -24,90 -25,75 -24,40 
-25,25 -22,95 -16,90 -7,75 -1,10 4,50 3,80 -1,35 -20,70 -25,55 
-24,65 -14,75 8,40 7,50 7,55 4,25 -5,00 9,35 4,05 -20,85 
-16,30 8,10 0,10 -25,85 -8,90 -6,50 -27,05 -19,40 2,40 -21,95 
-7,15 -1,70 -32,45 -34,40 -15,75 7,20 -0,35 8,15 4,10 -21,90 
-9,40 -0,20 -33,65 -33,20 -29,90 -10,70 -3,65 -10,95 -21,65 -23,85 
-22,00 -23,25 -25,40 -25,15 -25,10 -26,70 -25,40 -23,75 -24,50 -24,85 
-23,20 -21,85 -24,25 -24,20 -24,20 -24,75 -24,30 -24,20 -24,45 -24,25 
-24,35 -24,35 -24,20 -24,20 -24,20 -24,25 -24,20 -24,20 -24,20 -24,20 
