-21,80 -21,80 -21,80 -21,80 -21,80 -21,80 -21,85 -22,00 -21,95 -21,80 
-20,60 -21,80 -21,80 -21,90 -21,95 -21,95 -22,45 -23,75 -23,35 -22,00 
-12,85 0,70 -23,25 -25,35 -23,70 -21,85 -25,05 -28,95 -28,30 -23,15 
-14,75 7,65 -30,45 -33,85 -31,30 0,40 -23,85 -25,75 -32,30 -24,70 
-20,15 6,75 -26,25 -24,70 -22,75 10,90 5,35 9,25 -2,70 -20,80 
-22,25 4,45 -12,55 0,50 2,90 9,60 -5,45 -16,95 -24,75 -23,25 
-20,75 7,20 6,25 -0,80 -12,50 14,20 -23,75 -27,30 -26,75 -22,70 
-22,10 -8,35 -14,25 -19,00 -21,45 13,20 -19,25 -22,60 -23,35 -22,45 
-22,05 -21,95 -21,85 -21,80 -21,80 -8,60 -19,40 -21,80 -22,05 -21,85 
-21,95 -21,95 -21,80 -21,80 -21,80 -20,60 -21,80 -21,80 -21,80 -21,80 
