-19,40 -19,40 -19,40 -19,40 -19,40 -19,40 -19,45 -19,60 -19,55 -19,40 
-19,45 -19,40 -19,40 -19,50 -19,55 -19,55 -20,05 -21,35 -20,95 -19,60 
-20,45 -19,40 -19,60 -20,45 -23,80 -16,95 -6,40 -7,80 -13,40 -20,75 
-16,10 7,55 5,70 7,30 -7,65 10,30 12,30 4,15 3,85 -17,30 
-10,25 4,15 -21,35 -1,05 10,90 7,05 -23,50 -22,10 -0,30 -13,40 
-11,10 4,35 -2,65 -2,10 7,80 5,75 -10,55 -8,30 3,90 -12,10 
-20,85 -16,65 -7,60 -5,90 -10,10 -5,90 -2,60 -2,40 -4,35 -16,55 
-19,70 -22,20 -20,60 -20,35 -20,30 -19,40 -15,60 -15,20 -17,20 -20,05 
-19,65 -20,80 -19,45 -19,40 -19,40 -19,95 -19,50 -19,40 -19,65 -19,45 
-19,55 -19,55 -19,40 -19,40 -19,40 -19,45 -19,40 -19,40 -19,40 -19,40 
