-21,80 -21,80 -21,80 -21,80 -21,80 -21,80 -21,85 -22,00 -21,95 -21,80 
-21,85 -21,80 -21,80 -21,90 -21,95 -21,95 -21,20 -20,00 -22,10 -22,00 
-22,85 -24,30 -20,75 -21,60 -22,45 -25,60 -17,55 7,30 -2,05 -16,90 
-18,50 3,90 13,30 8,65 8,70 -4,60 -23,85 -8,25 6,45 -10,95 
-12,65 6,75 -18,75 -25,95 -6,50 4,65 -8,40 -2,00 2,30 -15,80 
-14,75 5,70 -5,05 0,50 11,65 8,35 5,80 -5,70 -17,25 -23,25 
-20,75 0,95 7,50 0,45 -10,00 -18,30 -23,75 -26,05 -26,75 -22,70 
-22,10 -23,35 -21,75 -22,75 -22,70 -24,30 -23,00 -22,60 -23,35 -22,45 
-22,05 -23,20 -21,85 -21,80 -21,80 -22,35 -21,90 -21,80 -22,05 -21,85 
-21,95 -21,95 -21,80 -21,80 -21,80 -21,85 -21,80 -21,80 -21,80 -21,80 
