-50,20 -54,10 -71,40 -59,00 -50,20 -50,20 -50,20 -50,20 -50,20 -50,20 
-34,40 216,00 -662,60 -84,80 -50,20 -50,20 -50,20 -50,20 -50,20 -50,20 
-1723,40 -2403,10 -1536,30 -515,70 -50,20 -50,20 -50,20 -50,20 -50,20 -50,20 
-2409,50 -2596,00 -2372,20 -610,20 -50,20 -50,20 -50,20 -50,20 -50,20 -50,20 
-358,20 359,50 -340,10 -185,60 -50,20 -50,20 -50,20 -50,20 -50,20 -50,20 
-216,20 -50,20 -56,30 -50,20 -50,20 -50,20 -50,20 -50,20 -50,20 -50,20 
-61,00 -55,60 -50,20 -50,20 -50,20 -50,20 -50,20 -50,20 -50,20 -50,20 
-50,20 -50,20 -50,20 -50,20 -50,20 -50,20 -50,20 -50,20 -50,20 -50,20 
-50,20 -50,20 -50,20 -50,20 -50,20 -50,20 -50,20 -50,20 -50,20 -50,20 
-50,20 -50,20 -50,20 -50,20 -50,20 -50,20 -50,20 -50,20 -50,20 -50,20 
