-52,60 -52,90 -68,00 -57,20 -52,60 -52,60 -52,60 -52,60 -52,60 -52,60 
-291,70 -311,90 -1335,50 -155,20 -52,60 -52,60 -52,60 -52,60 -52,60 -52,60 
-3047,90 -1929,50 -2907,60 -286,30 -52,60 -52,60 -52,60 -52,60 -52,60 -52,60 
-2217,20 -2358,50 -2378,50 -175,80 -52,60 -52,60 -52,60 -52,60 -52,60 -52,60 
-721,20 -1051,60 -1680,20 -185,50 -52,60 -52,60 -52,60 -52,60 -52,60 -52,60 
-215,80 -52,60 -58,40 -52,60 -52,60 -52,60 -52,60 -52,60 -52,60 -52,60 
-63,40 -58,00 -52,60 -52,60 -52,60 -52,60 -52,60 -52,60 -52,60 -52,60 
-52,60 -52,60 -52,60 -52,60 -52,60 -52,60 -52,60 -52,60 -52,60 -52,60 
-52,60 -52,60 -52,60 -52,60 -52,60 -52,60 -52,60 -52,60 -52,60 -52,60 
-52,60 -52,60 -52,60 -52,60 -52,60 -52,60 -52,60 -52,60 -52,60 -52,60 
