-57,40 -57,40 -67,00 -56,20 -57,40 -57,40 -57,40 -57,40 -57,40 -57,40 
-301,20 -458,10 172,60 191,20 -57,40 -57,40 -57,40 -57,40 -57,40 -57,40 
-1161,20 -2081,50 -910,60 -430,90 -57,40 -57,40 -57,40 -57,40 -57,40 -57,40 
-1860,90 -1817,70 -1825,80 -133,90 -57,40 -57,40 -57,40 -57,40 -57,40 -57,40 
-359,80 -692,80 141,80 706,10 -57,40 -57,40 -57,40 -57,40 -57,40 -57,40 
-221,00 -57,40 -64,00 -57,40 -57,40 -57,40 -57,40 -57,40 -57,40 -57,40 
-68,20 -62,80 -57,40 -57,40 -57,40 -57,40 -57,40 -57,40 -57,40 -57,40 
-57,40 -57,40 -57,40 -57,40 -57,40 -57,40 -57,40 -57,40 -57,40 -57,40 
-57,40 -57,40 -57,40 -57,40 -57,40 -57,40 -57,40 -57,40 -57,40 -57,40 
-57,40 -57,40 -57,40 -57,40 -57,40 -57,40 -57,40 -57,40 -57,40 -57,40 
