-76,00 -76,00 -86,80 -76,00 -76,00 -76,00 -76,00 -76,00 -76,00 -76,00 
-189,30 -348,30 322,30 104,50 -76,00 -76,00 -76,00 -76,00 -76,00 -76,00 
-778,20 -1720,70 -585,30 1313,10 -76,00 -76,00 -76,00 -76,00 -76,00 -76,00 
-1472,30 -1428,50 -1451,30 559,90 -76,00 -76,00 -76,00 -76,00 -76,00 -76,00 
-362,80 -26,80 -845,40 -181,60 -76,00 -76,00 -76,00 -76,00 -76,00 -76,00 
-242,40 -76,00 -82,20 -76,00 -76,00 -76,00 -76,00 -76,00 -76,00 -76,00 
-86,80 -81,40 -76,00 -76,00 -76,00 -76,00 -76,00 -76,00 -76,00 -76,00 
-76,00 -76,00 -76,00 -76,00 -76,00 -76,00 -76,00 -76,00 -76,00 -76,00 
-76,00 -76,00 -76,00 -76,00 -76,00 -76,00 -76,00 -76,00 -76,00 -76,00 
-76,00 -76,00 -76,00 -76,00 -76,00 -76,00 -76,00 -76,00 -76,00 -76,00 
