-77,80 -77,80 -88,60 -77,80 -77,80 -77,80 -77,80 -77,80 -77,80 -77,80 
33,50 -117,70 -1361,50 -183,10 -77,80 -77,80 -77,80 -77,80 -77,80 -77,80 
327,00 106,90 -1942,80 -729,50 -77,80 -77,80 -77,80 -77,80 -77,80 -77,80 
-1173,80 -121,40 -131,60 1380,10 -77,80 -77,80 -77,80 -77,80 -77,80 -77,80 
-185,20 -511,60 -1420,80 -202,00 -77,80 -77,80 -77,80 -77,80 -77,80 -77,80 
-245,80 -78,40 -86,40 -77,80 -77,80 -77,80 -77,80 -77,80 -77,80 -77,80 
-88,60 -83,20 -77,80 -77,80 -77,80 -77,80 -77,80 -77,80 -77,80 -77,80 
-77,80 -77,80 -77,80 -77,80 -77,80 -77,80 -77,80 -77,80 -77,80 -77,80 
-77,80 -77,80 -77,80 -77,80 -77,80 -77,80 -77,80 -77,80 -77,80 -77,80 
-77,80 -77,80 -77,80 -77,80 -77,80 -77,80 -77,80 -77,80 -77,80 -77,80 
