-65,20 -65,20 56,00 -65,20 -65,20 -65,20 -65,20 -65,20 -65,20 -65,20 
-311,60 -402,60 548,20 -30,70 -65,20 -65,20 -65,20 -65,20 -65,20 -65,20 
-2014,90 -2232,50 -1121,90 -580,70 -65,20 -65,20 -65,20 -65,20 -65,20 -65,20 
-2002,30 -1965,10 -1976,50 -878,30 -65,20 -65,20 -65,20 -65,20 -65,20 -65,20 
1681,10 -1064,20 -1694,60 -189,40 -65,20 -65,20 -65,20 -65,20 -65,20 -65,20 
1706,80 -65,20 -74,60 -65,20 -65,20 -65,20 -65,20 -65,20 -65,20 -65,20 
56,00 -70,60 -65,20 -65,20 -65,20 -65,20 -65,20 -65,20 -65,20 -65,20 
-65,20 -65,20 -65,20 -65,20 -65,20 -65,20 -65,20 -65,20 -65,20 -65,20 
-65,20 -65,20 -65,20 -65,20 -65,20 -65,20 -65,20 -65,20 -65,20 -65,20 
-65,20 -65,20 -65,20 -65,20 -65,20 -65,20 -65,20 -65,20 -65,20 -65,20 
