-98,80 -98,80 -109,60 -98,80 -98,80 -98,80 -98,80 -98,80 -98,80 -98,80 
336,00 1839,80 -109,80 -64,00 -98,80 -98,80 -98,80 -98,80 -98,80 -98,80 
-1337,20 -1478,20 -997,50 -556,80 -98,80 -98,80 -98,80 -98,80 -98,80 -98,80 
-1749,10 -1705,90 -1717,00 -502,00 -98,80 -98,80 -98,80 -98,80 -98,80 -98,80 
1218,20 -1097,80 -1731,00 -223,00 -98,80 -98,80 -98,80 -98,80 -98,80 -98,80 
-261,40 -98,80 -111,00 -98,80 -98,80 -98,80 -98,80 -98,80 -98,80 -98,80 
-109,60 -104,20 -98,80 -98,80 -98,80 -98,80 -98,80 -98,80 -98,80 -98,80 
-98,80 -98,80 -98,80 -98,80 -98,80 -98,80 -98,80 -98,80 -98,80 -98,80 
-98,80 -98,80 -98,80 -98,80 -98,80 -98,80 -98,80 -98,80 -98,80 -98,80 
-98,80 -98,80 -98,80 -98,80 -98,80 -98,80 -98,80 -98,80 -98,80 -98,80 
