-50,80 -50,80 -61,60 -50,80 -50,80 -50,80 -50,80 -50,80 -50,80 -50,80 
38,70 -307,70 -1259,50 -148,30 -50,80 -50,80 -50,80 -50,80 -50,80 -50,80 
-1453,80 -2919,50 -1488,20 835,30 -50,80 -50,80 -50,80 -50,80 -50,80 -50,80 
-2152,00 -2108,80 -2201,80 -375,10 -50,80 -50,80 -50,80 -50,80 -50,80 -50,80 
138,00 486,80 -564,20 -175,00 -50,80 -50,80 -50,80 -50,80 -50,80 -50,80 
-212,80 -50,80 12,60 -50,80 -50,80 -50,80 -50,80 -50,80 -50,80 -50,80 
-61,60 -56,20 -50,80 -50,80 -50,80 -50,80 -50,80 -50,80 -50,80 -50,80 
-50,80 -50,80 -50,80 -50,80 -50,80 -50,80 -50,80 -50,80 -50,80 -50,80 
-50,80 -50,80 -50,80 -50,80 -50,80 -50,80 -50,80 -50,80 -50,80 -50,80 
-50,80 -50,80 -50,80 -50,80 -50,80 -50,80 -50,80 -50,80 -50,80 -50,80 
