-31,60 -31,60 -42,40 -31,60 -31,60 -31,60 -31,60 -31,60 -31,60 -31,60 
-136,30 -358,90 -623,70 -56,50 -31,60 -31,60 -31,60 -31,60 -31,60 -31,60 
-1661,50 -2162,20 -1411,00 630,10 -31,60 -31,60 -31,60 -31,60 -31,60 -31,60 
-2360,50 -2317,10 -2326,10 395,50 -31,60 -31,60 -31,60 -31,60 -31,60 -31,60 
-558,40 -749,20 -1382,20 -155,80 -31,60 -31,60 -31,60 -31,60 -31,60 -31,60 
-193,60 -31,60 -37,00 -31,60 -31,60 -31,60 -31,60 -31,60 -31,60 -31,60 
-42,40 29,00 -31,60 -31,60 -31,60 -31,60 -31,60 -31,60 -31,60 -31,60 
-31,60 -31,60 -31,60 -31,60 -31,60 -31,60 -31,60 -31,60 -31,60 -31,60 
-31,60 -31,60 -31,60 -31,60 -31,60 -31,60 -31,60 -31,60 -31,60 -31,60 
-31,60 -31,60 -31,60 -31,60 -31,60 -31,60 -31,60 -31,60 -31,60 -31,60 
