-25,50 -25,50 -36,30 -25,50 -25,50 -25,50 -25,50 -25,50 -25,50 -25,50 
-263,10 -419,70 -891,90 14,70 -25,50 -25,50 -25,50 -25,50 -25,50 -25,50 
-1821,40 -2036,30 -1353,30 746,10 -25,50 -25,50 -25,50 -25,50 -25,50 -25,50 
-2304,80 -2260,40 -2269,40 376,50 -25,50 -25,50 -25,50 -25,50 -25,50 -25,50 
191,30 -341,10 -1652,10 -149,70 -25,50 -25,50 -25,50 -25,50 -25,50 -25,50 
-187,50 -25,50 -30,90 -25,50 -25,50 -25,50 -25,50 -25,50 -25,50 -25,50 
-36,30 -30,90 -25,50 -25,50 -25,50 -25,50 -25,50 -25,50 -25,50 -25,50 
-25,50 -25,50 -25,50 -25,50 -25,50 -25,50 -25,50 -25,50 -25,50 -25,50 
-25,50 -25,50 -25,50 -25,50 -25,50 -25,50 -25,50 -25,50 -25,50 -25,50 
-25,50 -25,50 -25,50 -25,50 -25,50 -25,50 -25,50 -25,50 -25,50 -25,50 
